I.C.(1) = 0.04754850961935431
I.C.(2) = 0.05456582425967449
I.C.(3) = 0.04780552205396982
I.C.(4) = 0.07063010299760539
I.C.(5) = 0.0476555676394516
I.C.(6) = 0.05442767417108116
I.C.(7) = 0.04852202542277524
I.C.(8) = 0.07037798458005862
I.C.(9) = 0.04942473576838013
I.C.(10) = 0.055653585194869605
I.C.(11) = 0.04665502913927757
I.C.(12) = 0.06981207198598503
I.C.(13) = 0.04756349249616436
I.C.(14) = 0.05562430336390554
I.C.(15) = 0.0475461763132996
I.C.(16) = 0.07039928236057563
I.C.(17) = 0.04718137254901961
I.C.(18) = 0.05553792819789646
I.C.(19) = 0.0480011280469777
I.C.(20) = 0.07206830206830207
I.C.(21) = 0.04879397332227521
I.C.(22) = 0.05404125286478228
I.C.(23) = 0.045916623094558184
I.C.(24) = 0.0703941589811155
I.C.(25) = 0.04693821940333568
I.C.(26) = 0.05482247002383134
I.C.(27) = 0.05047715007064601
I.C.(28) = 0.07303595527279738
I.C.(29) = 0.047328635350413935
I.C.(30) = 0.05422279422279422
I.C.(31) = 0.04934489925002259
I.C.(32) = 0.06898236567354214
I.C.(33) = 0.04519796899476044
I.C.(34) = 0.05414797883962969
I.C.(35) = 0.05054915514592934
I.C.(36) = 0.07033947184114037
I.C.(37) = 0.045209248657524514
I.C.(38) = 0.056062090091128204
I.C.(39) = 0.0461196955449829
I.C.(40) = 0.071001221001221
I.C.(41) = 0.04528663748175943
I.C.(42) = 0.05412562745896079
I.C.(43) = 0.044525939177101966
I.C.(44) = 0.06981934731934732
I.C.(45) = 0.04879549114331723
I.C.(46) = 0.0556510282408203
I.C.(47) = 0.046828133322120366
I.C.(48) = 0.07016986636551854
I.C.(49) = 0.0452106308361854
I.C.(50) = 0.05628082062864672
I.C.(51) = 0.04431712078770902
I.C.(52) = 0.07088744588744589
I.C.(53) = 0.04893365489194684
I.C.(54) = 0.055434883505058936
I.C.(55) = 0.04746867167919799
I.C.(56) = 0.06968462823725982
I.C.(57) = 0.04576792859341336
I.C.(58) = 0.05301709310463447
I.C.(59) = 0.04574580352509722
I.C.(60) = 0.07036463708290334
I.C.(61) = 0.043862468772380966
I.C.(62) = 0.05577956989247312
I.C.(63) = 0.05143168378462496
I.C.(64) = 0.0679891748366013
I.C.(65) = 0.04559577677224736
I.C.(66) = 0.0535204991087344
I.C.(67) = 0.04663447468539655
I.C.(68) = 0.06933391003460208
I.C.(69) = 0.04375431331953071
I.C.(70) = 0.05954081632653061
I.C.(71) = 0.042085848423876596
I.C.(72) = 0.07268518518518519
I.C.(73) = 0.04822243966079583
I.C.(74) = 0.05146025146025146
I.C.(75) = 0.0446007326007326
I.C.(76) = 0.07579525737420474
I.C.(77) = 0.04712430426716141
I.C.(78) = 0.05489809335963182
I.C.(79) = 0.04395604395604396
I.C.(80) = 0.07108516483516483
I.C.(81) = 0.04926966038077149
I.C.(82) = 0.05130438667024033
I.C.(83) = 0.048612030539741384
I.C.(84) = 0.07070905285191
I.C.(85) = 0.046935417523652816
I.C.(86) = 0.0503062828644224
I.C.(87) = 0.04187766256731774
I.C.(88) = 0.07121477007840644
I.C.(89) = 0.04789031193525576
I.C.(90) = 0.05362600362600363
I.C.(91) = 0.04427623658392889
I.C.(92) = 0.06963109354413702
I.C.(93) = 0.04802867383512545
I.C.(94) = 0.05319148936170213
I.C.(95) = 0.047687400318979264
I.C.(96) = 0.07361111111111111
I.C.(97) = 0.04542330521711965
I.C.(98) = 0.05244279529993816
I.C.(99) = 0.04683195592286501
I.C.(100) = 0.0713939393939394
