I.C.(1) = 0.03632806828515318
I.C.(2) = 0.05087158139606067
I.C.(3) = 0.03662121021608008
I.C.(4) = 0.08772252915899326
I.C.(5) = 0.03576829300967232
I.C.(6) = 0.050502928444104915
I.C.(7) = 0.03551816544392215
I.C.(8) = 0.08607887119123074
I.C.(9) = 0.035165650882950455
I.C.(10) = 0.05039391600746028
I.C.(11) = 0.03732914812460267
I.C.(12) = 0.08728350467722516
I.C.(13) = 0.03724793724793725
I.C.(14) = 0.049571213100624865
I.C.(15) = 0.036099049548897574
I.C.(16) = 0.08540294246815985
I.C.(17) = 0.033731019350451474
I.C.(18) = 0.04901674657772218
I.C.(19) = 0.03470570506581587
I.C.(20) = 0.08732089232089232
