I.C.(1) = 0.03632806828515318
I.C.(2) = 0.05087158139606067
I.C.(3) = 0.03662121021608008
I.C.(4) = 0.08772252915899326
I.C.(5) = 0.03576829300967232
I.C.(6) = 0.050502928444104915
I.C.(7) = 0.03551816544392215
I.C.(8) = 0.08607887119123074
I.C.(9) = 0.035165650882950455
I.C.(10) = 0.05039391600746028
I.C.(11) = 0.03732914812460267
I.C.(12) = 0.08728350467722516
I.C.(13) = 0.03724793724793725
I.C.(14) = 0.049571213100624865
I.C.(15) = 0.036099049548897574
I.C.(16) = 0.08540294246815985
I.C.(17) = 0.033731019350451474
I.C.(18) = 0.04901674657772218
I.C.(19) = 0.03470570506581587
I.C.(20) = 0.08732089232089232
I.C.(21) = 0.033453381352541015
I.C.(22) = 0.049992224295743355
I.C.(23) = 0.035133239831697055
I.C.(24) = 0.08651279199110122
I.C.(25) = 0.0367816091954023
I.C.(26) = 0.051242916627532005
I.C.(27) = 0.03168935317083465
I.C.(28) = 0.08736263736263737
I.C.(29) = 0.03470764617691155
I.C.(30) = 0.049782608695652174
I.C.(31) = 0.03169492966126907
I.C.(32) = 0.08796230942970074
I.C.(33) = 0.03502558048012594
I.C.(34) = 0.04702062643239114
I.C.(35) = 0.03428571428571429
I.C.(36) = 0.08654970760233918
I.C.(37) = 0.0319108582266477
I.C.(38) = 0.046429670667897806
I.C.(39) = 0.03711642101734981
I.C.(40) = 0.08142414860681114
I.C.(41) = 0.03782081938466444
I.C.(42) = 0.04524587612822907
I.C.(43) = 0.03064295485636115
I.C.(44) = 0.08868092691622104
I.C.(45) = 0.030784313725490196
I.C.(46) = 0.04901656314699793
I.C.(47) = 0.03100303951367781
I.C.(48) = 0.08546626984126983
I.C.(49) = 0.031307468042161925
I.C.(50) = 0.05135531135531136
I.C.(51) = 0.03312504488975077
I.C.(52) = 0.0905184559030713
I.C.(53) = 0.0356970073951206
I.C.(54) = 0.04541446208112875
I.C.(55) = 0.03223443223443223
I.C.(56) = 0.09136696636696637
I.C.(57) = 0.03067108330266225
I.C.(58) = 0.04866972108351419
I.C.(59) = 0.03466872110939907
I.C.(60) = 0.08477078477078477
I.C.(61) = 0.030253353204172877
I.C.(62) = 0.04560117302052786
I.C.(63) = 0.030832130832130832
I.C.(64) = 0.08816287878787879
I.C.(65) = 0.03566433566433566
I.C.(66) = 0.046801346801346795
I.C.(67) = 0.032383536861148796
I.C.(68) = 0.08496732026143791
I.C.(69) = 0.03393353828136437
I.C.(70) = 0.04969696969696969
I.C.(71) = 0.02811210698534642
I.C.(72) = 0.0898709315375982
I.C.(73) = 0.029071537290715373
I.C.(74) = 0.04331831831831832
I.C.(75) = 0.033407407407407406
I.C.(76) = 0.08450292397660819
I.C.(77) = 0.03398268398268398
I.C.(78) = 0.049999999999999996
I.C.(79) = 0.030731364275668072
I.C.(80) = 0.07430555555555556
I.C.(81) = 0.0279737409367039
I.C.(82) = 0.05134533488192025
I.C.(83) = 0.03346720214190094
I.C.(84) = 0.08323885109599395
I.C.(85) = 0.02703081232492997
I.C.(86) = 0.04129752676264304
I.C.(87) = 0.03430031016237913
I.C.(88) = 0.0918109668109668
I.C.(89) = 0.026440164080613518
I.C.(90) = 0.04581128747795414
I.C.(91) = 0.03388278388278388
I.C.(92) = 0.0878623188405797
I.C.(93) = 0.028033794162826416
I.C.(94) = 0.03951367781155015
I.C.(95) = 0.02944862155388471
I.C.(96) = 0.0822172619047619
I.C.(97) = 0.026509572901325475
I.C.(98) = 0.04288143828960156
I.C.(99) = 0.027537277537277537
I.C.(100) = 0.09178571428571429
