I.C.(1) = 0.02078970882130263
I.C.(2) = 0.02082820828208282
I.C.(3) = 0.05773314905695535
I.C.(4) = 0.020903651676259228
I.C.(5) = 0.020282564996617986
I.C.(6) = 0.057949541095608514
I.C.(7) = 0.020144016384617887
I.C.(8) = 0.021260675233458377
I.C.(9) = 0.05726076173422659
I.C.(10) = 0.01860364652817483
I.C.(11) = 0.021103896103896104
I.C.(12) = 0.0585419411506368
I.C.(13) = 0.020754042705262217
I.C.(14) = 0.021545547861337336
I.C.(15) = 0.05615901615901616
I.C.(16) = 0.020519997771836006
I.C.(17) = 0.01878557874762808
I.C.(18) = 0.05796152103159889
I.C.(19) = 0.01999731128587753
I.C.(20) = 0.01638176638176638
I.C.(21) = 0.05753357753357754
I.C.(22) = 0.021679841897233203
I.C.(23) = 0.01920433064100361
I.C.(24) = 0.06052763661459314
I.C.(25) = 0.01896103896103896
I.C.(26) = 0.01893194524773472
I.C.(27) = 0.054998607630186575
I.C.(28) = 0.01877610693400167
I.C.(29) = 0.020378871451787003
I.C.(30) = 0.05305584221992891
I.C.(31) = 0.016366223908918405
I.C.(32) = 0.019852941176470587
I.C.(33) = 0.05989304812834225
I.C.(34) = 0.01757703081232493
I.C.(35) = 0.020476190476190478
I.C.(36) = 0.05674603174603174
I.C.(37) = 0.017542817542817543
I.C.(38) = 0.018122228648544438
I.C.(39) = 0.058983751291443606
I.C.(40) = 0.014377289377289378
I.C.(41) = 0.01684088269454123
I.C.(42) = 0.06357531357531358
I.C.(43) = 0.016425435030086193
I.C.(44) = 0.0202903157448612
I.C.(45) = 0.05625485625485626
I.C.(46) = 0.01956521739130435
I.C.(47) = 0.010186976144422953
I.C.(48) = 0.05997474747474748
I.C.(49) = 0.01694495980210266
I.C.(50) = 0.015151515151515152
I.C.(51) = 0.054743513567042976
I.C.(52) = 0.013597513597513598
I.C.(53) = 0.016009148084619784
I.C.(54) = 0.060269360269360264
I.C.(55) = 0.017777777777777778
I.C.(56) = 0.02142857142857143
I.C.(57) = 0.059161793372319686
I.C.(58) = 0.01590038314176245
I.C.(59) = 0.021939736346516005
I.C.(60) = 0.04657407407407407
I.C.(61) = 0.014962269060629717
I.C.(62) = 0.012544802867383511
I.C.(63) = 0.049571680524061475
I.C.(64) = 0.016617063492063492
I.C.(65) = 0.01978021978021978
I.C.(66) = 0.06427368927368927
I.C.(67) = 0.01990049751243781
I.C.(68) = 0.015756302521008403
I.C.(69) = 0.05728088336783989
I.C.(70) = 0.017006802721088437
I.C.(71) = 0.015090543259557344
I.C.(72) = 0.05505952380952381
I.C.(73) = 0.01598173515981735
I.C.(74) = 0.015444015444015443
I.C.(75) = 0.05634920634920635
I.C.(76) = 0.01488095238095238
I.C.(77) = 0.013450834879406307
I.C.(78) = 0.057997557997558
I.C.(79) = 0.014345991561181434
I.C.(80) = 0.011904761904761904
I.C.(81) = 0.057378012933568485
I.C.(82) = 0.014866434378629499
I.C.(83) = 0.015375788869764772
I.C.(84) = 0.057823129251700675
I.C.(85) = 0.015014005602240895
I.C.(86) = 0.0159468438538206
I.C.(87) = 0.06195949644225507
I.C.(88) = 0.016017316017316017
I.C.(89) = 0.0120920278223649
I.C.(90) = 0.05904761904761904
I.C.(91) = 0.013553113553113554
I.C.(92) = 0.015579710144927537
I.C.(93) = 0.05304659498207886
I.C.(94) = 0.00851063829787234
I.C.(95) = 0.014385964912280702
I.C.(96) = 0.06076388888888889
I.C.(97) = 0.01615120274914089
I.C.(98) = 0.013945578231292517
I.C.(99) = 0.06531986531986532
I.C.(100) = 0.011666666666666667
