I.C.(1) = 0.03493808062765476
I.C.(2) = 0.0469902297965539
I.C.(3) = 0.03465222641021449
I.C.(4) = 0.07408868008641678
I.C.(5) = 0.03513779089436105
I.C.(6) = 0.04610139815453825
I.C.(7) = 0.03450456300870352
I.C.(8) = 0.0862603305785124
I.C.(9) = 0.03371459588274181
I.C.(10) = 0.04671459576776994
I.C.(11) = 0.034601500902441344
I.C.(12) = 0.072545189352503
I.C.(13) = 0.03463864285782094
I.C.(14) = 0.045246794369921885
I.C.(15) = 0.03336080586080586
I.C.(16) = 0.12159396128554228
I.C.(17) = 0.033159100960958546
I.C.(18) = 0.04463885753193929
I.C.(19) = 0.03134390598344601
I.C.(20) = 0.07392983789260385
I.C.(21) = 0.03350219520432286
I.C.(22) = 0.04627138189506055
I.C.(23) = 0.032788078855799395
I.C.(24) = 0.08452157598499062
I.C.(25) = 0.034755078965605285
I.C.(26) = 0.04671675724307303
I.C.(27) = 0.03154545768924854
I.C.(28) = 0.0713740041471134
I.C.(29) = 0.034774724936996744
I.C.(30) = 0.043371212121212116
I.C.(31) = 0.03039802289281998
I.C.(32) = 0.12296301446051168
I.C.(33) = 0.0335423197492163
I.C.(34) = 0.04462474645030426
I.C.(35) = 0.03456014884586313
I.C.(36) = 0.07056663501107946
I.C.(37) = 0.029768229768229768
I.C.(38) = 0.04246288798920378
I.C.(39) = 0.0347900408769974
I.C.(40) = 0.08506521739130435
I.C.(41) = 0.03177319322600341
I.C.(42) = 0.04310966810966811
I.C.(43) = 0.02785182461623311
I.C.(44) = 0.0739866194411649
I.C.(45) = 0.03015873015873016
I.C.(46) = 0.043986448334274425
I.C.(47) = 0.030720418066442705
I.C.(48) = 0.12028508771929824
I.C.(49) = 0.029776823009905716
I.C.(50) = 0.04651461988304093
I.C.(51) = 0.031472375671975014
I.C.(52) = 0.07541478129713423
I.C.(53) = 0.0316607278462527
I.C.(54) = 0.04042604696199467
I.C.(55) = 0.03201128936423054
I.C.(56) = 0.08110119047619048
I.C.(57) = 0.025576195390436877
I.C.(58) = 0.04639114266396214
I.C.(59) = 0.03128946493851778
I.C.(60) = 0.06862745098039215
I.C.(61) = 0.027166276346604217
I.C.(62) = 0.03846006144393241
I.C.(63) = 0.027078609221466363
I.C.(64) = 0.12241443452380953
I.C.(65) = 0.030431107354184278
I.C.(66) = 0.04192474192474192
I.C.(67) = 0.028724509321524247
I.C.(68) = 0.07213962508080156
I.C.(69) = 0.028146732494558586
I.C.(70) = 0.045656724228152805
I.C.(71) = 0.026801836660991594
I.C.(72) = 0.08190883190883191
I.C.(73) = 0.030282502885242615
I.C.(74) = 0.03818928818928819
I.C.(75) = 0.026961926961926962
I.C.(76) = 0.06781376518218624
I.C.(77) = 0.03122634940816759
I.C.(78) = 0.04647062339370032
I.C.(79) = 0.029816175385795642
I.C.(80) = 0.12172202797202798
I.C.(81) = 0.02528993640104751
I.C.(82) = 0.04438285291943829
I.C.(83) = 0.026980649872216135
I.C.(84) = 0.0696969696969697
I.C.(85) = 0.029376114081996436
I.C.(86) = 0.038407329105003524
I.C.(87) = 0.029919888540578195
I.C.(88) = 0.08347107438016528
I.C.(89) = 0.029599364430825104
I.C.(90) = 0.037463524130190794
I.C.(91) = 0.028704628704628702
I.C.(92) = 0.07125603864734299
I.C.(93) = 0.03045508851960465
I.C.(94) = 0.04150010745755427
I.C.(95) = 0.022604997341839444
I.C.(96) = 0.13057659932659932
I.C.(97) = 0.02754868270332188
I.C.(98) = 0.03554421768707483
I.C.(99) = 0.030751964085297418
I.C.(100) = 0.07272222222222222
